40.0394444444, -88.2283333333
39.8316666667, -89.6477777778
32.9276111111, -97.6503611111
38.2575, -85.7231388889
42.8854722222, -85.1538055556
28.1376111111, -80.5958055556
20.7683333333, -156.924722222
36.0599722222, -79.5230833333
32.9863888889, -97.2930555556
35.6097222222, -97.3416666667
36.2097222222, -119.325
36.1472222222, -95.9149722222
42.5606388889, -83.57175
30.3121666667, -94.9904722222
30.8203611111, -81.6833611111
35.6333333333, -81.3383333333
30.3402777778, -97.3459722222
32.3929722222, -111.146944444
29.6252777778, -97.7583333333
38.0058333333, -122.233055556
33.5302777778, -111.972777778
35.4052777778, -97.2961111111
29.4091666667, -98.5772222222
31.9233888889, -108.719027778
36.1812777778, -95.9086388889
34.08775, -117.673805556
39.3861111111, -84.4605555556
33.7411111111, -84.5672222222
33.6958611111, -84.4416944444
42.7327777778, -78.1105555556
35.9424722222, -80.2299444444
39.2091666667, -84.50675
31.2996388889, -97.2473888889
37.0846944444, -77.3593888889
34.5020555556, -78.0824444444
33.7952777778, -84.3544444444
37.6530555556, -122.070833333
41.1630555556, -111.939444444
39.9797222222, -75.2675
36.0941666667, -80.135
40.1161111111, -74.7772222222
31.5145, -82.5962222222
46.70425, -113.173472222
46.6963888889, -109.829722222
45.9040277778, -106.629277778
30.8041666667, -88.1113888889
34.6584166667, -80.9860555556
34.9457222222, -79.8348611111
37.2605555556, -76.8275
43.6141666667, -76.0147222222
32.4704166667, -96.8573611111
38.9789444444, -77.4134444444
37.6916666667, -89.9191111111
37.0231111111, -76.3218333333
38.798, -91.0377222222
36.6383333333, -94.3061111111
38.6444444444, -92.5947222222
32.1283333333, -90.7616666667
39.1058333333, -91.4805555556
44.8258333333, -69.355
41.0508333333, -81.535
29.5447222222, -98.2894444444
35.6083333333, -79.8172222222
44.7455555556, -73.4388611111
36.8147222222, -107.893666667
38.9604166667, -92.2246111111
62.9679166667, -145.469611111
39.0363055556, -89.5712777778
39.22325, -94.7696944444
35.7222222222, -78.6511111111
35.09825, -78.1655555556
37.0611111111, -100.905166667
42.1146388889, -76.0606388889
35.1313888889, -80.9566666667
35.89, -81.1894444444
34.9691666667, -79.6075
42.8488888889, -74.0619444444
41.1127777778, -74.0922222222
38.7020555556, -93.2799722222
38.6730555556, -89.9758888889
33.6131388889, -111.91325
33.4633333333, -111.981916667
33.4494444444, -112.010833333
39.3189722222, -94.5069444444
35.49275, -80.5321666667
39.8947222222, -94.3297222222
42.1133333333, -75.8522222222
35.6449444444, -78.7244166667
42.6421111111, -84.7984722222
35.3602777778, -120.656666667
42.1136944444, -72.6086944444
42.6880555556, -83.3852777778
42.3513888889, -89.3780555556
43.4515277778, -70.5255
40.7625, -89.5988888889
42.2812777778, -89.1565833333
40.0136111111, -75.2080555556
40.6842777778, -90.5912777778
40.4152777778, -91.1105555556
38.1536388889, -85.70725
35.9006944444, -79.5780833333
37.3018055556, -120.483416667
36.9304166667, -76.2049444444
40.1071388889, -87.7543888889
44.4612222222, -96.1651388889
42.2661111111, -89.0727777778
38.5508333333, -91.0336111111
32.4396111111, -97.2425555556
42.6344444444, -74.4491388889
42.6797222222, -73.7341666667
39.4212777778, -92.4385555556
35.46725, -82.8278333333
39.0216944444, -84.7007222222
33.8791666667, -84.5069444444
34.6961666667, -84.9945555556
61.8325, -147.3275
42.3043611111, -71.8972222222
38.5211111111, -121.442777778
38.6216666667, -121.742777778
36.2691666667, -94.1322222222
36.0583333333, -90.9433333333
42.3855555556, -71.1966666667
37.8501111111, -122.192666667
31.6235555556, -89.8396388889
36.9794444444, -83.0250555556
36.1147222222, -115.214722222
44.8389444444, -93.02225
40.68, -84.1094444444
36.2236111111, -98.6430555556
43.0811111111, -77.725
33.7155833333, -117.9095
30.1902222222, -97.5348333333
39.8025, -75.3058333333
40.6638888889, -84.0852777778
30.0592222222, -97.8118611111
31.4422222222, -85.5625
34.0573333333, -117.210527778
47.2027777778, -122.423333333
32.9690277778, -97.4101666667
38.511, -121.504388889
43.7423055556, -105.471
46.2593055556, -112.153361111
32.7841666667, -116.979166667
31.1258333333, -92.0769444444
33.45, -112.071944444
36.2006388889, -119.384444444
48.2035833333, -122.183611111
41.8554722222, -80.6757222222
33.0138888889, -93.4921111111
36.7843055556, -119.853166667
39.8431666667, -84.1146111111
34.0419444444, -84.0366666667
48.2021666667, -106.713666667
46.5923055556, -108.587555556
37.3441666667, -115.257416667
41.2641388889, -80.7891111111
41.4088055556, -83.1825833333
40.1306666667, -82.8235555556
33.5016666667, -111.946111111
30.32425, -89.9733333333
36.8410833333, -76.1504166667
37.6675, -77.5883333333
37.6414166667, -77.4569722222
33.2663888889, -84.4486111111
36.7133333333, -80.3336111111
37.5386111111, -77.5319444444
35.1236388889, -96.4642222222
39.8027777778, -91.2665833333
39.8358333333, -89.5819444444
37.0971666667, -78.0351111111
37.7352222222, -77.135
39.22625, -84.7378055556
36.9718055556, -76.9927222222
42.875, -78.8505555556
42.4027777778, -82.9688888889
18.1724166667, -66.5916944444
41.1736111111, -83.4236111111
41.6880555556, -91.5452777778
36.8588888889, -76.2416666667
36.5436944444, -120.007055556
41.0661111111, -92.8469444444
35.2391666667, -80.9460833333
38.3386111111, -77.0872222222
31.5775555556, -84.1848888889
36.4790833333, -95.9293611111
34.0015, -84.1504722222
35.6104722222, -78.7403888889
33.4253888889, -84.1888055556
36.7341666667, -76.6502777778
37.1869722222, -80.4573888889
41.6430555556, -83.5419444444
45.0344444444, -68.6821666667
42.5452777778, -83.1936111111
36.3730555556, -97.0669444444
42.9048333333, -73.7849166667
47.0426388889, -68.1153611111
44.2113888889, -69.0897222222
44.7025, -69.0791666667
44.3077777778, -70.0241666667
39.1413888889, -76.7519444444
35.38325, -91.5246388889
29.6778055556, -90.7912777778
42.7863888889, -86.0213888889
43.8811111111, -70.3897222222
37.2327777778, -89.5194444444
36.1180555556, -91.1163888889
31.6422222222, -93.7155555556
41.1515833333, -81.5569166667
30.0821944444, -91.7380833333
33.9236111111, -92.1588888889
43.9031666667, -69.852
26.1576666667, -81.6536111111
26.8095277778, -81.9373333333
26.9841388889, -82.0534444444
28.3201111111, -82.69775
29.9746111111, -90.1434722222
34.0954722222, -81.16425
33.2113888889, -92.6661111111
39.2855555556, -76.6983333333
45.9320555556, -95.4455
44.5416666667, -94.5637222222
39.495, -86.04
42.2152777778, -83.4111111111
38.8435, -76.8909722222
41.1698055556, -81.8130833333
31.5780555556, -84.1547222222
30.8581111111, -100.585527778
44.1163333333, -92.6895277778
39.0263888889, -76.9147222222
31.5127777778, -82.7366666667
42.0608333333, -91.5432777778
33.7214722222, -84.93025
38.6918333333, -121.383861111
40.1183333333, -106.392222222
31.8708333333, -81.4383333333
41.0236111111, -101.729444444
41.5988888889, -87.2597222222
41.8381944444, -99.378
41.6276111111, -80.1702222222
40.3843333333, -80.1798611111
40.3849444444, -79.6927222222
31.0980555556, -82.8197222222
29.7218055556, -82.3628333333
21.3096111111, -158.09475
28.6058333333, -81.4180555556
32.1417777778, -85.5965555556
40.8811944444, -79.8687222222
42.5236666667, -71.7344444444
35.6261111111, -82.1872222222
40.5908333333, -80.2919444444
38.3728888889, -97.6724166667
46.9155555556, -92.9094444444
40.8944722222, -80.0865833333
39.3347222222, -87.3236111111
35.0523055556, -89.8264722222
48.5289722222, -99.2063055556
32.0895555556, -102.285416667
33.55175, -83.4864722222
32.3127777778, -80.9827777778
27.2156111111, -81.8593611111
39.9386111111, -82.3275
37.0856666667, -105.992
28.6261111111, -81.2863888889
35.4711388889, -97.51475
40.1828333333, -80.1088888889
40.3529166667, -80.2865555556
28.2955833333, -81.4048611111
39.5263888889, -119.810833333
36.3103611111, -78.5011111111
42.2397222222, -70.8527777778
40.6150833333, -79.5638333333
30.7379444444, -86.5607777778
40.7386388889, -79.0547777778
28.0206388889, -82.1053888889
27.84, -82.202
27.4663055556, -80.4650277778
47.8483333333, -96.3080555556
48.1416666667, -123.435555556
38.4477777778, -95.4516388889
29.1750833333, -81.15875
40.8527777778, -96.6255555556
33.6373333333, -92.1768888889
47.9258333333, -122.242777778
30.245, -97.7794444444
34.7541388889, -97.5941944444
39.3997222222, -84.3427777778
39.6738888889, -84.2438888889
48.0158333333, -122.926944444
31.5816666667, -84.1586111111
42.8484444444, -106.410472222
37.8943333333, -114.578944444
39.8296388889, -99.8875555556
37.8988888889, -95.0027777778
46.0864166667, -118.26975
47.5522222222, -117.726666667
36.12, -115.307777778
38.6432777778, -75.2159444444
38.6480555556, -121.098416667
33.95375, -84.0527777778
32.6383333333, -93.8794444444
30.3246111111, -90.9961666667
40.6550555556, -80.0943611111
43.9835833333, -87.7392222222
40.6508333333, -105.050277778
39.9486388889, -83.3764722222
41.6706388889, -74.8376111111
38.5758333333, -121.523888889
39.5644722222, -76.1015833333
32.1674722222, -83.76725
38.9636944444, -76.9023611111
30.3755277778, -91.14225
46.2130555556, -119.185833333
33.9633333333, -83.9755555556
36.2323055556, -119.788666667
38.9891111111, -76.6708611111
27.1511666667, -82.4639722222
35.9566666667, -80.5378611111
35.1397222222, -85.7894444444
41.7180555556, -88.1427777778
30.6466944444, -87.7061388889
34.4697777778, -90.9910277778
38.9366388889, -77.4227777778
27.9780555556, -82.7541666667
39.9114722222, -75.2891111111
44.0226666667, -89.5581944444
39.9745555556, -78.9278055556
41.9522222222, -87.9147222222
32.8883611111, -79.9305555556
36.5205555556, -107.303638889
47.4795, -111.254777778
38.0173333333, -103.590972222
31.6876388889, -102.125972222
39.4648611111, -75.0580555556
45.1618611111, -91.1682777778
30.8411111111, -89.1072222222
31.2575, -88.9677777778
32.7594444444, -81.6705555556
32.1329722222, -82.1562222222
33.2080555556, -84.76
31.8272222222, -84.4163888889
34.5485833333, -84.9256666667
31.7416388889, -83.6529722222
30.53275, -87.3117777778
30.7888888889, -85.2863888889
30.7777777778, -85.5342222222
32.5242777778, -87.0502777778
32.90175, -85.9108888889
32.6263611111, -86.4916111111
31.35225, -85.5455
34.1747222222, -87.5819444444
40.8141388889, -78.3681388889
30.1693888889, -94.1921388889
29.9674444444, -93.9782222222
34.1344444444, -79.795
30.39075, -96.073
38.7013888889, -75.4002222222
31.5705277778, -85.7524722222
31.5462777778, -89.5507222222
29.9638888889, -81.4575
30.6756666667, -82.6775555556
34.1894444444, -82.1566666667
41.4386111111, -78.5335277778
34.4713888889, -85.3236111111
32.4761111111, -93.7875
39.46225, -76.2029722222
35.2183055556, -78.6536111111
26.0069444444, -80.3211111111
30.8354722222, -81.6773333333
39.4291666667, -76.7633333333
34.5618055556, -90.7047777778
29.9707222222, -95.5543611111
38.5104444444, -77.0020555556
38.8090555556, -76.6057777778
32.3601111111, -90.8365833333
38.2214444444, -84.9144166667
39.0822222222, -97.1844444444
29.0542222222, -82.2880833333
47.1641666667, -122.481388889
29.7818611111, -91.7501111111
36.5152222222, -87.3503611111
32.8988888889, -96.4125
30.3344444444, -93.6669444444
40.5426111111, -75.1296111111
34.51025, -82.2973888889
32.8958333333, -86.1702777778
32.4298611111, -87.5163888889
30.8830555556, -90.9086111111
38.5334722222, -77.9433333333
41.1843055556, -75.8614444444
29.8261111111, -90.4288888889
30.0236944444, -95.5380277778
30.0444166667, -95.4097222222
36.0980555556, -80.2436111111
35.5978055556, -97.4897777778
41.9358055556, -87.9181944444
32.8841666667, -80.7275
41.8697222222, -80.1781388889
41.3595277778, -73.4654722222
35.6935, -91.7857777778
30.24875, -99.1063888889
33.2086111111, -79.9872222222
40.4580833333, -85.6091388889
33.7920277778, -81.9653055556
34.6846666667, -82.39825
29.3246944444, -94.7860555556
45.8630277778, -116.123083333
34.0322222222, -81.0441666667
35.1602777778, -84.9472222222
29.8175, -95.6466666667
29.7363888889, -95.5733333333
30.1647777778, -84.2095277778
34.5395, -81.0023888889
40.0325, -81.4425
31.7855833333, -102.47375
35.8237777778, -102.964361111
34.0381388889, -101.372944444
29.8630555556, -95.6841666667
30.3725277778, -97.6777777778
34.7627777778, -84.9327777778
29.7379166667, -95.5340833333
29.379, -98.4775555556
30.0196666667, -99.3361666667
30.7158055556, -95.5313333333
34.9891666667, -81.0933333333
26.8387222222, -97.7814444444
31.2777222222, -93.9415833333
32.2986111111, -102.606944444
32.74825, -81.1906666667
29.7147222222, -95.0945277778
35.0113611111, -82.1771944444
29.3591944444, -96.0878055556
33.1565555556, -96.7132222222
35.0369444444, -85.1530555556
28.6904722222, -100.490277778
32.7756666667, -95.0751944444
32.5154166667, -93.7595
29.6650277778, -97.5726944444
29.2141388889, -95.4310555556
29.6499166667, -97.5578888889
38.5366666667, -90.4916666667
40.7615, -74.2093055556
44.9425, -92.4166666667
35.9625, -83.6141666667
38.9963611111, -95.3548611111
41.8613888889, -87.995
32.9100277778, -96.6605277778
30.0664444444, -94.1935277778
42.5185277778, -77.4969166667
40.4303333333, -75.4265277778
46.9030277778, -97.2861666667
44.8789722222, -91.4313333333
30.5327777778, -87.3239166667
34.2202777778, -119.029444444
40.9543055556, -81.3215555556
40.7971111111, -96.5825277778
29.9688888889, -95.6166666667
33.9320833333, -84.23075
40.0438333333, -80.6022222222
38.6519444444, -83.7458333333
32.7130555556, -102.491388889
34.0810833333, -83.9964722222
42.35875, -75.7666111111
45.4041111111, -94.0405833333
35.0551666667, -85.6407777778
34.4444444444, -81.7788888889
34.9802777778, -82.4647222222
33.01525, -96.8314722222
39.4423888889, -107.967666667
45.0491666667, -99.9680555556
41.5497222222, -87.3941666667
35.1836111111, -106.675555556
31.8052777778, -96.2663888889
40.3861944444, -75.3503611111
29.6888888889, -95.8843888889
30.6283611111, -92.4327222222
40.4396388889, -83.8914444444
27.0138888889, -82.1555555556
39.822, -85.5371944444
41.4541666667, -87.7227777778
29.97275, -93.3575555556
32.9006111111, -117.085805556
41.4522777778, -86.3063888889
42.42275, -87.9433888889
28.4627777778, -82.4448333333
31.4550277778, -84.7405277778
36.7161111111, -95.6736111111
37.1297222222, -77.5269444444
35.0185277778, -91.9985555556
26.3729722222, -98.7685555556
42.6169444444, -113.676111111
41.6336111111, -87.0580555556
35.6648611111, -82.5017222222
35.58, -95.9780555556
33.8355555556, -81.2104166667
33.9031944444, -81.5467777778
35.25975, -81.3379166667
33.9730555556, -80.9808333333
35.6116666667, -82.6347222222
35.6566666667, -77.3502777778
33.6508333333, -84.0022222222
36.8427777778, -89.9466666667
36.1012222222, -80.45675
38.1958333333, -85.6844444444
32.4194444444, -91.4297222222
26.6294444444, -80.2222222222
41.9368611111, -84.2392222222
43.6892222222, -85.4455277778
43.9019444444, -84.7744444444
42.6097222222, -85.2597222222
37.72475, -97.2751944444
46.0992777778, -85.68425
39.1394444444, -94.6508333333
39.1158333333, -84.4388888889
30.5422222222, -97.6969444444
42.6963888889, -84.5255555556
38.7704166667, -90.4005277778
18.4179444444, -66.0439444444
28.0151388889, -82.5379166667
32.6993888889, -93.6333611111
36.8088888889, -119.843333333
42.3810555556, -83.4663055556
31.6613611111, -85.8056666667
33.5799444444, -85.9941111111
33.5555555556, -86.5673611111
34.0880555556, -117.648333333
42.7968888889, -85.6536111111
44.7138888889, -84.9795277778
47.1204444444, -104.478611111
28.2812777778, -81.41775
43.3658333333, -84.6447222222
42.4008333333, -86.2713888889
30.1315833333, -96.0738055556
46.5143055556, -87.4779722222
26.1172222222, -80.1052777778
41.5480555556, -87.5177777778
20.8875, -156.501111111
26.7019444444, -80.1494444444
39.502, -87.3137222222
31.1561111111, -85.3994444444
32.8569444444, -85.7980555556
35.4405555556, -97.5708333333
35.5230555556, -98.2061111111
38.9916666667, -122.007777778
41.8260555556, -86.6692777778
41.5758333333, -83.6647222222
41.84725, -83.4295277778
42.8541944444, -83.5859166667
41.9344444444, -91.6844444444
37.2990833333, -93.2471111111
37.0805555556, -94.3194444444
42.4921944444, -83.5560833333
42.9810833333, -83.7840833333
42.2239444444, -83.3960277778
42.5645833333, -83.2174166667
40.0432777778, -86.4638055556
30.1705555556, -85.6722222222
30.0493888889, -82.6201111111
39.1495277778, -84.469
35.6416666667, -78.4186111111
32.2188888889, -110.808611111
32.2508333333, -110.92
27.5848333333, -80.5445
34.6038611111, -82.7796388889
32.0445277778, -110.707083333
34.8752777778, -110.164722222
32.3494444444, -93.5644444444
29.7675555556, -95.3419722222
32.9592222222, -117.106416667
32.3116666667, -96.6186111111
29.7107777778, -98.3097222222
38.8465, -94.4341666667
35.8625277778, -80.7379166667
35.6874444444, -119.180388889
38.4958888889, -87.2594444444
33.2228055556, -96.9485277778
41.6391666667, -90.7622222222
37.6366666667, -120.935055556
35.3186111111, -80.7602777778
37.2731944444, -80.0300277778
33.4088888889, -111.888888889
33.5038055556, -86.7178611111
39.1580555556, -86.4660555556
33.551, -97.8311666667
33.5688888889, -112.116388889
37.9533333333, -80.5753611111
36.1486666667, -78.8836388889
38.9138333333, -94.3763055556
36.8393888889, -119.848888889
31.4578888889, -106.067472222
40.7547222222, -111.889444444
38.7261388889, -94.8371944444
30.6376944444, -96.4027222222
34.8202777778, -82.5461111111
39.4307222222, -96.642
30.3921944444, -84.7965277778
48.0183333333, -98.1736944444
40.8064444444, -76.5289722222
40.6538333333, -112.034916667
30.4705555556, -90.6465
31.7598055556, -85.8894166667
35.3727777778, -97.6516666667
33.0575, -97.1366666667
33.3869444444, -111.866666667
39.80325, -76.9843611111
41.7922222222, -89.7469444444
33.7630277778, -80.9681666667
30.0713888889, -97.8197222222
28.1938333333, -82.3529444444
37.6156666667, -98.7255
39.9528055556, -77.6703333333
32.38175, -86.3004722222
59.6722222222, -151.505833333
28.5322222222, -81.3833333333
33.4413888889, -112.161388889
39.1997222222, -76.7666666667
33.9279166667, -79.8196388889
38.6561388889, -92.1213611111
40.2003888889, -85.5548055556
39.5411111111, -105.23
37.7675, -122.2175
41.955, -85.3311111111
31.5655555556, -85.7538888889
33.3291666667, -111.719444444
43.2780277778, -70.6258055556
41.8026111111, -73.1633888889
41.1804444444, -111.969416667
32.1458611111, -111.250805556
35.8997222222, -78.8894444444
39.9979722222, -74.8825833333
39.7772222222, -75.3375
35.1885833333, -80.9011111111
38.9311944444, -82.4638333333
29.6616666667, -83.2304722222
35.4622222222, -108.983333333
38.1708333333, -85.5123333333
35.4351111111, -78.0854722222
27.0811944444, -82.3983055556
29.1370555556, -81.0779166667
35.9136111111, -78.7633333333
34.3794444444, -88.8897222222
35.8611111111, -86.4130555556
28.0735277778, -82.4504722222
46.25525, -119.081916667
33.5914166667, -84.5466666667
37.3408333333, -87.4888888889
35.2387777778, -80.91525
30.3243888889, -81.6636944444
42.8694444444, -75.5369444444
42.9713888889, -73.845
36.4072222222, -99.4819444444
46.9338888889, -96.8297222222
40.9930555556, -85.1880555556
35.4927777778, -95.3061111111
36.4352777778, -82.1333333333
41.6905555556, -70.1886111111
42.5308888889, -75.91625
42.2218055556, -71.7738611111
37.1778611111, -90.4471111111
43.8203333333, -76.0878055556
44.93075, -74.9468055556
33.6639722222, -86.5685833333
38.73175, -90.4653333333
43.5211111111, -75.1623611111
43.1648611111, -76.87575
42.6839722222, -78.90725
40.0905555556, -75.4138888889
30.4972222222, -84.0130555556
27.5819166667, -82.4446666667
28.6752777778, -82.1408333333
42.0199166667, -88.3813611111
35.5325, -80.7961111111
35.8273888889, -96.4767222222
37.3230277778, -92.8816944444
40.0776388889, -87.0598888889
35.8840277778, -80.0386666667
33.5166666667, -112.045
41.7802777778, -70.0097222222
35.7791666667, -80.9972222222
36.0026944444, -80.4531111111
35.72675, -81.19575
36.0838055556, -80.3008055556
35.8329166667, -80.0443055556
38.6202777778, -90.2897222222
38.5358055556, -90.3388888889
38.3547222222, -90.3827777778
38.6611111111, -90.2375
36.0623888889, -79.5174444444
36.0135833333, -77.8247222222
35.2319444444, -78.3694444444
38.6055555556, -90.8058333333
36.2077222222, -76.4482777778
34.7003055556, -77.0715555556
34.03375, -78.1644166667
31.5936111111, -91.565
36.5427777778, -90.0305555556
35.1766111111, -79.4143611111
36.4569722222, -78.5718888889
36.0767222222, -76.6618055556
34.3228055556, -78.4381666667
36.0170277778, -79.1541388889
33.9988333333, -78.3179722222
34.9658333333, -78.8647222222
35.4106111111, -79.5782777778
36.2053611111, -80.2772777778
35.8710277778, -79.1608333333
21.6645833333, -158.000361111
35.0039722222, -106.067138889
38.5993611111, -90.4055555556
36.6971944444, -108.222277778
35.0986111111, -103.319166667
34.4830555556, -104.750555556
34.4928333333, -104.006361111
41.9122222222, -83.4152777778
36.0638055556, -79.6261666667
35.9696111111, -80.2149722222
42.1814444444, -71.9080833333
35.8208611111, -78.41625
34.6458611111, -101.741944444
34.2496111111, -102.747583333
30.7266944444, -103.19625
34.0341666667, -102.705277778
35.3723333333, -105.367555556
34.5119166667, -78.1073888889
34.7976111111, -106.820138889
38.0064444444, -90.4961666667
38.0400555556, -91.5148333333
41.2808055556, -74.2329722222
57.4997222222, -134.579333333
59.2507777778, -135.462388889
58.3910833333, -134.768416667
61.7716666667, -149.753888889
61.0644444444, -145.829444444
45.4868888889, -122.724138889
46.1193333333, -122.932638889
45.0772222222, -87.9052777778
37.1504444444, -93.33475
46.4855833333, -84.3344722222
44.0291944444, -84.8511388889
38.4472222222, -90.5385555556
35.5653055556, -82.5121388889
35.12475, -80.9121666667
35.4856944444, -80.2886388889
35.1870277778, -81.2089444444
36.0343333333, -80.2371666667
35.7984166667, -78.7321388889
33.95175, -78.4024166667
37.9651666667, -81.2480833333
34.7695277778, -82.4581388889
34.9444444444, -80.4776111111
42.5825555556, -78.87075
43.1255833333, -76.05975
42.2291944444, -78.2569166667
42.0895555556, -78.1295
44.7086666667, -75.4255
43.1588888889, -77.6047222222
43.2905555556, -76.3488611111
40.4402777778, -95.38
41.4444444444, -70.6083333333
36.1008333333, -80.1930555556
36.0815277778, -79.4603888889
41.9353611111, -74.7965555556
42.3325, -83.0538888889
42.2598888889, -85.6782777778
43.0152777778, -83.6908333333
39.1713888889, -94.5488333333
38.8805555556, -94.5905555556
40.8047777778, -74.1435
40.6629444444, -74.1812777778
41.4316666667, -73.8805555556
42.0227777778, -84.8672222222
38.7130555556, -90.4225
35.4019722222, -113.397
35.1772222222, -78.7180555556
46.3611111111, -84.4158333333
43.968, -83.2086666667
35.6395833333, -80.1036666667
42.1108333333, -83.1994444444
43.9810277778, -85.8429166667
43.2140555556, -76.3960277778
30.3783333333, -97.6813888889
43.45, -76.5097222222
40.9172222222, -72.6636111111
42.6319444444, -73.9922222222
38.3306388889, -91.9365277778
42.5325, -70.9858333333
25.8897222222, -80.2511111111
37.9638888889, -92.2633333333
37.1177222222, -93.0132777778
36.9816666667, -94.4769444444
36.3361111111, -89.7038888889
36.8191666667, -89.53
34.6669444444, -86.6433333333
32.9873611111, -81.7637222222
35.2001944444, -80.8110555556
35.7085277778, -81.4253333333
34.4653333333, -83.51875
42.7820833333, -73.8353888889
42.3372222222, -71.8177777778
41.8941944444, -91.2679444444
39.9458333333, -75.3488888889
35.2108055556, -80.644
39.0587777778, -84.6249444444
38.0094444444, -88.2841666667
36.8833333333, -94.4155555556
34.7168888889, -80.9018055556
32.3068333333, -88.8115555556
39.6454166667, -75.6365833333
43.0572222222, -76.2455555556
42.2227777778, -88.1852777778
42.3452777778, -88.0608333333
41.8042777778, -87.6084166667
42.4845277778, -88.2020555556
41.66675, -87.8389722222
41.7377777778, -87.7011111111
39.0645, -84.7023888889
41.8811111111, -87.7935277778
38.265, -85.6333333333
27.4799166667, -81.7993333333
36.2216388889, -79.9069166667
40.5731666667, -112.004916667
40.8730555556, -89.5441666667
40.4241666667, -89.4444444444
38.2753611111, -88.0651666667
41.9784166667, -87.995
42.7738333333, -104.451055556
30.5358333333, -88.0852777778
63.0943055556, -149.507472222
38.5296666667, -89.1348888889
42.27325, -89.0942777778
38.2630555556, -90.1195833333
40.1286111111, -75.2072222222
27.3927222222, -82.5307222222
40.8155555556, -90.4058333333
40.8227777778, -89.1186111111
35.8893055556, -78.8498055556
38.7636111111, -90.0036111111
40.1069444444, -89.3197222222
39.5724166667, -87.7910833333
42.9683333333, -70.8563888889
33.6316666667, -117.838055556
34.8005277778, -79.2453611111
36.2101111111, -79.6990277778
36.3096944444, -76.2636111111
35.0569444444, -81.8495833333
41.8749722222, -88.2773888889
42.4590555556, -87.8661944444
42.2119722222, -88.2883055556
42.1077777778, -88.4086111111
42.7977222222, -71.5233888889
43.6521111111, -108.252027778
42.8508333333, -110.979722222
41.5582777778, -109.364555556
37.7319444444, -88.9288888889
37.9841666667, -88.8975
35.3602777778, -120.656583333
38.88575, -91.3759722222
36.8154444444, -76.1662222222
38.7178333333, -87.72125
39.5911111111, -89.4975
40.7119444444, -74.0133333333
40.1244444444, -75.8641666667
32.3844444444, -111.014444444
33.8022222222, -84.1711111111
29.3346666667, -98.6770833333
29.5149444444, -98.4752777778
34.9472777778, -82.2225
33.9548611111, -81.1152777778
35.9169444444, -83.8613888889
40.6736111111, -83.6088888889
61.3442222222, -145.26875
42.2366388889, -79.6594166667
39.7451666667, -86.2579444444
34.7755555556, -96.5877777778
33.8969444444, -84.3597222222
42.5055555556, -71.5244444444
35.9481111111, -85.7499722222
34.6436111111, -80.5380555556
41.5716666667, -87.5802777778
27.7616666667, -82.17
37.7311111111, -89.2161111111
42.9977777778, -83.6863888889
30.36425, -88.1148611111
36.0193611111, -115.27825
36.1663888889, -115.082222222
35.4283888889, -99.5223333333
36.0822222222, -95.7577777778
43.8005555556, -83.0230555556
35.5125, -97.5477777778
35.6097222222, -97.4161111111
35.3975, -97.4825
35.6011944444, -97.4895
35.7119444444, -97.4586111111
34.4935833333, -98.4021666667
36.1763055556, -95.7884166667
36.1451666667, -95.8593333333
36.1105555556, -96.0072222222
35.8626111111, -96.371
35.8565277778, -98.59475
35.3763888889, -97.7447222222
39.5172222222, -88.3702777778
40.7132222222, -88.9678055556
35.8033333333, -77.8476944444
39.4913888889, -119.758611111
42.5902777778, -71.8283333333
33.9681944444, -117.466388889
18.4343611111, -66.6058611111
18.3610277778, -65.7911111111
33.9152222222, -118.286805556
33.8811111111, -117.605
40.0736944444, -85.6363888889
30.4362222222, -84.3406388889
34.1066666667, -118.031666667
39.5266388889, -119.810888889
40.1302222222, -80.3508333333
35.2778888889, -96.9496388889
33.2761111111, -111.879722222
33.9458333333, -112.131944444
33.4802777778, -111.959444444
32.1125, -110.8525
42.7369444444, -77.8208333333
41.4287222222, -81.6555555556
36.2922222222, -96.3366666667
41.3885833333, -81.221
41.5467777778, -81.3868888889
42.1088888889, -78.6075
35.1188888889, -107.903888889
34.2079166667, -118.353194444
41.4832222222, -120.548555556
34.4274722222, -97.6751666667
46.8600833333, -122.868555556
32.7439722222, -83.7218333333
26.701, -81.7265555556
40.1986111111, -74.7283333333
40.855, -81.4141666667
41.1881388889, -82.2121666667
41.4063611111, -81.5606666667
37.5341666667, -122.518333333
38.108, -122.564555556
40.1941666667, -122.248888889
30.8433333333, -89.1325
28.1319722222, -82.0248055556
46.0326944444, -122.884388889
38.7715555556, -121.524944444
46.8055555556, -95.7738888889
39.9755555556, -75.455
32.3241666667, -94.5330555556
26.6488888889, -80.1552777778
47.3002777778, -122.234472222
47.1430555556, -122.514166667
34.9661666667, -90.1534444444
26.9524444444, -82.3528888889
41.1402777778, -81.3722777778
34.0796944444, -117.627694444
41.6476666667, -81.4001111111
39.2419444444, -84.2888888889
41.4243888889, -81.8151111111
39.29125, -84.6184444444
41.2247222222, -122.2425
41.6734722222, -72.8545
38.9563888889, -121.1
40.9400555556, -82.4798888889
41.1873055556, -84.2199444444
30.3203611111, -81.4501111111
35.0619722222, -89.7579166667
35.1433333333, -84.6202777778
41.1461944444, -81.6354722222
38.1454722222, -121.316055556
29.3638888889, -81.5083333333
35.9046388889, -84.1874722222
39.9133333333, -75.1169444444
39.0625, -76.8822222222
42.4261111111, -71.2475
40.7630555556, -84.1830555556
34.3618333333, -79.7514722222
30.3691666667, -89.0955555556
35.0667777778, -89.8417222222
42.6372222222, -71.3791666667
40.7425, -111.938055556
35.5241388889, -80.8611666667
41.2805555556, -81.6225
39.3391666667, -120.535555556
61.7880555556, -147.674444444
33.9075, -118.353333333
33.9262777778, -117.258055556
39.7427777778, -122.609722222
27.728, -98.0826666667
38.9405555556, -121.415277778
40.8052777778, -121.958333333
33.8869722222, -117.618916667
31.4856388889, -81.39925
32.20875, -110.859472222
33.5848055556, -112.410055556
28.3113888889, -81.4597222222
33.9787222222, -81.2592222222
31.2650277778, -83.2215
31.7428055556, -83.6601666667
31.5841944444, -84.1154444444
38.8493611111, -82.1750555556
42.2863888889, -83.3355555556
35.2349722222, -97.8417222222
