40.0394444444, -88.2283333333
39.8316666667, -89.6477777778
32.9276111111, -97.6503611111
38.2575, -85.7231388889
42.8854722222, -85.1538055556
28.1376111111, -80.5958055556
20.7683333333, -156.924722222
36.0599722222, -79.5230833333
32.9863888889, -97.2930555556
35.6097222222, -97.3416666667
36.2097222222, -119.325
36.1472222222, -95.9149722222
42.5606388889, -83.57175
30.3121666667, -94.9904722222
30.8203611111, -81.6833611111
35.6333333333, -81.3383333333
30.3402777778, -97.3459722222
32.3929722222, -111.146944444
29.6252777778, -97.7583333333
38.0058333333, -122.233055556
33.5302777778, -111.972777778
35.4052777778, -97.2961111111
29.4091666667, -98.5772222222
31.9233888889, -108.719027778
36.1812777778, -95.9086388889
34.08775, -117.673805556
39.3861111111, -84.4605555556
33.7411111111, -84.5672222222
33.6958611111, -84.4416944444
42.7327777778, -78.1105555556
35.9424722222, -80.2299444444
39.2091666667, -84.50675
31.2996388889, -97.2473888889
37.0846944444, -77.3593888889
34.5020555556, -78.0824444444
33.7952777778, -84.3544444444
37.6530555556, -122.070833333
41.1630555556, -111.939444444
39.9797222222, -75.2675
36.0941666667, -80.135
40.1161111111, -74.7772222222
31.5145, -82.5962222222
46.70425, -113.173472222
46.6963888889, -109.829722222
45.9040277778, -106.629277778
30.8041666667, -88.1113888889
34.6584166667, -80.9860555556
34.9457222222, -79.8348611111
37.2605555556, -76.8275
43.6141666667, -76.0147222222
32.4704166667, -96.8573611111
38.9789444444, -77.4134444444
37.6916666667, -89.9191111111
37.0231111111, -76.3218333333
38.798, -91.0377222222
36.6383333333, -94.3061111111
38.6444444444, -92.5947222222
32.1283333333, -90.7616666667
39.1058333333, -91.4805555556
44.8258333333, -69.355
41.0508333333, -81.535
29.5447222222, -98.2894444444
35.6083333333, -79.8172222222
44.7455555556, -73.4388611111
36.8147222222, -107.893666667
38.9604166667, -92.2246111111
62.9679166667, -145.469611111
39.0363055556, -89.5712777778
39.22325, -94.7696944444
35.7222222222, -78.6511111111
35.09825, -78.1655555556
37.0611111111, -100.905166667
42.1146388889, -76.0606388889
35.1313888889, -80.9566666667
35.89, -81.1894444444
34.9691666667, -79.6075
42.8488888889, -74.0619444444
41.1127777778, -74.0922222222
38.7020555556, -93.2799722222
38.6730555556, -89.9758888889
33.6131388889, -111.91325
33.4633333333, -111.981916667
33.4494444444, -112.010833333
39.3189722222, -94.5069444444
35.49275, -80.5321666667
39.8947222222, -94.3297222222
42.1133333333, -75.8522222222
35.6449444444, -78.7244166667
42.6421111111, -84.7984722222
35.3602777778, -120.656666667
42.1136944444, -72.6086944444
42.6880555556, -83.3852777778
42.3513888889, -89.3780555556
43.4515277778, -70.5255
40.7625, -89.5988888889
42.2812777778, -89.1565833333
40.0136111111, -75.2080555556
40.6842777778, -90.5912777778
40.4152777778, -91.1105555556
38.1536388889, -85.70725
